248315803897794, 386127890875011, 326651351825022 @ -89, -119, 32
332497633176671, 319768494554521, 308514709214883 @ -120, -49, -91
362310144548603, 372801373228571, 154999941640943 @ 80, -599, 249
147600732651147, 257653897951867, 363204898979065 @ 31, 20, -18
127962733756239, 435223143151347, 265315060744181 @ 112, -203, 67
129364213674048, 265564347707935, 397756636595625 @ 21, 5, -29
129069928248855, 90274230086221, 190689953665773 @ 115, 261, 166
365759650238511, 324014469045037, 181437742607709 @ 44, -93, -25
153672929663427, 246239459826295, 382308750043275 @ 9, 28, -25
323980710532989, 301873433827926, 208963048306249 @ 10, 16, 27
209240120242698, 509362497822232, 225933457045197 @ 27, -326, 111
121081187663651, 191981910490804, 455355161556878 @ 84, 104, -146
207095428899365, 337824607080146, 433499853003658 @ -46, -68, -80
347270816913529, 396926499717297, 214524566560363 @ -64, -347, -6
400734357309065, 355172684389081, 351735954141313 @ -262, -145, -314
86295935547933, 238037915624059, 368912104494933 @ 160, 58, -66
262804709719122, 292257162719556, 260398703044472 @ 19, 6, 6
227333817360000, 227904701825881, 166033737078708 @ 105, 143, 194
307451580403970, 307158306808041, 359831745481308 @ -133, -33, -46
260928997267475, 262522318549021, 189388172141383 @ 105, 101, 129
198254771434733, 135236903941273, 235745041027303 @ -39, 143, 129
326059922582351, 275631126072080, 326666279234727 @ -88, 52, -175
367750808653557, 337565023944147, 184464554045091 @ 76, -270, -109
152817777602951, 136182010505035, 145527166558619 @ 155, 254, 231
255692472042417, 381803179147513, 271878974859015 @ 82, -195, -57
198934074712073, 141706535162261, 320556387341511 @ -40, 136, 41
366366997015041, 360428748027461, 233775558075115 @ -86, -284, -224
82871866320929, 230912126872888, 204817068451938 @ 62, 38, 164
325154375588802, 239238341950543, 434138522377218 @ -159, 49, -126
318859907788690, 293061457646496, 183033774841153 @ 23, 46, 123
381853451620865, 320516321686911, 169556558781363 @ -42, -62, 23
374900488027305, 280801613266561, 184561347331911 @ -107, 236, 21
57446479951865, 323342026517021, 205312793784283 @ 134, -53, 157
399156417481569, 389757829286305, 317057623050135 @ -256, -218, -173
290045175950290, 285481108335221, 277509280583308 @ -13, 27, -54
341121306706449, 286869118201759, 84017075576187 @ -34, 82, 507
191441582714867, 148059633256129, 375082851758647 @ 12, 167, -63
201360702357651, 221046230724606, 258940828499352 @ 40, 96, 62
263527107349170, 217342157493226, 279781617344148 @ 137, 250, -144
281288715073681, 283932231098561, 229877836757231 @ 102, 61, -9
251546444707515, 312997627936621, 201362874261933 @ 135, -31, 96
254525968079249, 251687164422517, 55066223021522 @ 174, 155, 520
377320028445213, 318115676571679, 172018206653673 @ 20, -22, -6
395885388742345, 349459620261411, 282675189730303 @ -246, -96, 13
353291968597181, 257032765821200, 275893279774281 @ -166, 70, -13
158655177078897, 334437451263769, 366055891789911 @ 14, -65, -17
230505271990170, 362091928295131, 510325393248153 @ -65, -95, -173
343600247108405, 348718741721625, 414885626655859 @ -187, -81, -74
220967779355761, 349190946621945, 221845789740071 @ 174, -120, 57
62682558858393, 253800317484043, 244866020528229 @ 154, 30, 106
206932474099189, 265803070512299, 320753150398449 @ 24, 28, -22
305840818198734, 150077752402267, 331887989364042 @ -111, 205, -50
187866126243068, 91823289633302, 280883219236033 @ 179, 418, -41
367164589486289, 318131376120735, 184619952571889 @ 62, -30, -90
356004013314741, 273960718053109, 200438002078551 @ 85, 352, -155
187167785624021, 226278301929629, 240180538979737 @ 80, 97, 82
185130713155305, 243447722457106, 91800477353823 @ 230, 124, 361
198895494340676, 485792233126129, 389445404065683 @ 11, -265, -91
346698868530417, 327755275653913, 195638107018983 @ -20, -87, 34
337057396079702, 259745020200934, 187240071570766 @ -121, 80, 148
339559046208105, 376602772877929, 194033434030203 @ 148, -461, -46
387519926674405, 336700312036655, 273000682332376 @ -222, -107, -182
322531742996865, 291060055361561, 265946911313943 @ 133, 103, -358
277533914688519, 320162455676080, 220708774356546 @ 52, -50, 52
278106270596820, 358910755855291, 349494187940348 @ -83, -103, -54
276192720443562, 332083214492706, 199671378638339 @ 91, -84, 93
370774515665700, 312349212398326, 177771971241423 @ 35, 42, -23
358352008573357, 278828717708893, 182293417190657 @ -6, 227, 51
343899876517752, 280324869555353, 183817297216569 @ 79, 207, 47
230014051196455, 278749264685001, 297296779081413 @ -19, 7, 20
355887367190529, 231295023302061, 195287131140443 @ -170, 121, 139
381384481287117, 302728567009495, 217805816805927 @ -190, 25, -47
163362070144642, 302278272936101, 326763005808615 @ 21, -29, 17
350003920509330, 304913942774011, 200138714033898 @ 9, 37, -30
232065959520002, 340031374567946, 166962030277153 @ -43, -74, 199
312238665130781, 393258231837607, 286961939437381 @ -40, -232, -110
356016410633465, 314573075591961, 194737740481963 @ -12, -17, -12
151372724077485, 171730147046665, 306895225779639 @ 13, 107, 53
251941922287045, 98644415572257, 345269619274273 @ -22, 295, -81
320262271837305, 362204906863460, 36014632114328 @ 118, -258, 814
279075537062681, 289326312068865, 270145512604591 @ -13, 12, -14
354706741159487, 242287706445144, 157438465674815 @ -24, 388, 217
119971577248165, 381987583774501, 302149326172343 @ 48, -115, 57
296317193847085, 342580439728126, 229103185631773 @ 26, -112, 15
351402997748373, 506398073227813, 148247444858831 @ -68, -823, 253
305769386924140, 308757293725607, 230930192788311 @ -67, -27, 65
105572485166865, 293514333218521, 330518702391783 @ 43, -23, 39
55041468649103, 329108534867404, 138101233132043 @ 84, -58, 229
237489639659229, 279957837232917, 233754894588699 @ 220, 69, -13
258956594158261, 304886624351769, 264890203466391 @ 47, -17, -19
60504463013325, 277648078264536, 281108818235398 @ 82, -8, 90
255664248282609, 229487839724089, 268622566518855 @ -30, 90, 40
242458863194891, 311866020624667, 274759829242975 @ 159, -28, -99
324231684683565, 285771707795521, 475782479280683 @ -59, 41, -630
310775485561475, 388749587724435, 255041782832649 @ -157, -120, 110
347138775493401, 299073102494761, 211975051225167 @ -41, 41, -22
217400903902755, 200939998616161, 332529295412463 @ -11, 107, -19
310470234909499, 206570362750954, 195352450820474 @ -108, 134, 150
109894796770993, 240165678158009, 418051414587255 @ 50, 33, -58
324333009592340, 333322587794755, 226376342746282 @ 33, -103, -60
363138548949744, 345167015824466, 187699266832568 @ 109, -344, -126
248646766456397, 402164161724309, 276564974228623 @ -33, -168, 39
285317464406540, 217283869849527, 155769991985488 @ -67, 117, 214
353425921974141, 290683754185411, 139833885922257 @ 12, 136, 330
309085503160652, 415067847201360, 280146963458669 @ -135, -170, 55
95870364815247, 364688353071375, 16469402218359 @ 109, -102, 377
107000508341124, 150520503086478, 400295956147996 @ 115, 162, -92
367948578726735, 305409881174765, 189832763315751 @ 73, 129, -175
371529336303570, 384107036391601, 200217369452763 @ 43, -889, -331
316013816495129, 251820842352809, 361976987513071 @ -135, 45, -72
366507851213127, 258197214943708, 262555875511047 @ -184, 84, -15
173322347986883, 267621202103427, 209096342950276 @ 104, 33, 130
404202897394449, 363784053070009, 518636226137511 @ -259, -118, -355
265625696191597, 301647233939829, 255208946905999 @ 47, -8, -9
379379844349697, 323464769574926, 183991548410537 @ -34, -104, -165
353280511047085, 310035272448003, 227848246732690 @ -102, -15, -32
362642197309416, 261666602055250, 94957132380865 @ 7, 422, 727
170195553651691, 349479535634056, 378058336903019 @ 96, -94, -123
373493139473905, 298680666835225, 260934189260839 @ -112, 89, -459
356116096924837, 276483468020707, 258622081878209 @ 60, 302, -600
284169591605241, 347479312050918, 84823500184394 @ 22, -116, 388
347304412773063, 355764780444849, 129212878126807 @ -68, -185, 321
37389154055595, 160361353344491, 138481529395313 @ 352, 217, 243
105051094797235, 167808642980781, 421143745371663 @ 35, 97, -43
266397151838019, 285509087348007, 164902656014109 @ -116, -15, 203
191142946251839, 409372984524293, 49273008781724 @ 92, -197, 390
389732443267965, 269729126561701, 543217241115183 @ -237, 20, -321
386944481134645, 248252357846268, 296116548725291 @ -222, 174, -219
318571298212215, 302816732345867, 554730383967997 @ -167, -32, -188
287456331445079, 321711653324829, 465875963980447 @ -133, -51, -107
40124858228595, 94154759111755, 310025677440505 @ 223, 248, 10
311790156708217, 423859420225333, 545393356640003 @ -108, -220, -426
273661983381385, 537538902908233, 368904931719335 @ -87, -331, -63
251485863303813, 277113981014257, 148656885903459 @ 217, 89, 242
357175916531655, 306769572014390, 168237544022393 @ 28, 48, 139
340514826635985, 252032533204393, 253014668517351 @ -22, 233, -183
379457195004285, 292517554178511, 180922417037783 @ -116, 198, 9
338148633275169, 390314415470577, 300715523592113 @ -98, -233, -161
386257561515198, 257498862867595, 299782886826405 @ -229, 65, -49
704431553139, 86223074480338, 284468956797738 @ 180, 202, 74
246827868975050, 380302453724779, 195849853320274 @ 63, -175, 132
220189089384892, 154216521581843, 298509616208858 @ 99, 277, -66
28654246468626, 388688980467889, 89936392358415 @ 139, -121, 281
191414892453699, 131439077321119, 324496004272245 @ 25, 200, -10
264483267850494, 65356797582514, 257015721985392 @ -49, 332, 62
200653062246769, 265570094566369, 206172941753503 @ -18, 14, 154
363875120790320, 342570898943376, 156242589870513 @ -39, -206, 227
267274298305153, 422298492060089, 428344506850607 @ 122, -345, -569
193740410266305, 325212623849809, 339118048271319 @ 88, -58, -89
359945385581169, 320423653355417, 167865311784103 @ 166, -57, 99
230997185647368, 251302886635456, 366861915663990 @ 7, 56, -110
237355981741585, 356571901878161, 202801245225383 @ 42, -116, 129
123917803919790, 406160585764726, 333351795171603 @ 73, -150, 5
345973234302811, 358715275478401, 450957735200883 @ -169, -109, -241
336814133492229, 323736519181513, 293769715589511 @ -185, -53, 73
367983505172801, 327905036815335, 187817452420443 @ 126, -167, -211
346375161466445, 273517379224653, 218653834766863 @ 143, 330, -281
348280302398865, 234620817390521, 278752320749033 @ -98, 223, -174
388535281232379, 376843065689272, 342138599662251 @ -236, -120, -19
352232180599615, 345760318573343, 250486283198896 @ 8, -207, -348
160827860722877, 293165414723980, 342122539326621 @ -6, -22, 23
318451361737876, 321757179227680, 328557970381351 @ -129, -52, -47
379747133361139, 303489592274909, 198870146480073 @ -43, 189, -376
258233389027248, 310356796367483, 344401785387675 @ -41, -35, -67
64223745187018, 180161214414226, 98783442575050 @ 147, 116, 280
298888335608845, 174406362340987, 350235115232159 @ 68, 428, -419
330894138428355, 207513727832561, 516442627103833 @ -173, 75, -186
271490256527715, 243654303094701, 276021420181843 @ 43, 129, -65
236442279285117, 212140071797040, 268497047249030 @ -86, 58, 100
354956946727165, 353561847730257, 167853809961427 @ -67, -203, 168
219973756088625, 363114676639081, 332241606610023 @ -62, -94, 29
273522961506357, 438279868050493, 354168918390843 @ -61, -228, -86
418446532760987, 366255172350100, 451796736761384 @ -276, -112, -188
244644604959865, 251954965517569, 110673581324475 @ 8, 65, 290
238721053291776, 250412836072006, 319659256827540 @ 59, 86, -104
341536891521147, 295291875027097, 219092309140053 @ 29, 79, -106
385528652579973, 355853806544545, 300134278987443 @ -196, -261, -621
265537679004610, 361544074863258, 306630199662390 @ -37, -116, -28
230450908923185, 198830328333145, 308510956107367 @ 53, 170, -62
222105233438397, 212279751912823, 83554030319407 @ 40, 128, 333
269156268032741, 275755087774079, 281250324524245 @ -36, 24, 6
290123197143990, 443192015794936, 217586286148263 @ -17, -318, 81
160977500571273, 254225140133713, 346549211385915 @ -8, 17, 20
291587319699835, 262896373089416, 228899385760386 @ -72, 46, 92
223868284768695, 290255275708571, 313168851094893 @ -41, -14, 26
279074843040396, 333420124071676, 230235398318622 @ 51, -84, 26
364880062652223, 408594048184952, 474831748438049 @ -200, -180, -257
359099406294497, 314475246431065, 187675673610599 @ -9, -13, 13
132107640689793, 260218669879159, 315415288305396 @ 30, 13, 46
227446180543581, 453734951106241, 335074294197507 @ -81, -179, 38
79672316298801, 256843424900089, 397408634872167 @ 92, 18, -45
357845240503215, 431043325515291, 213589054201173 @ 13, -848, -184
187536720620715, 20063119187671, 301848840495003 @ 43, 366, 11
172024462825705, 401141296613771, 207680559507333 @ 98, -174, 134
257359784629729, 288097564464777, 288335092462207 @ -96, -15, 70
364262310882245, 228227456248755, 256664784725621 @ -112, 360, -228
364026063660549, 310347863067529, 276828877120251 @ -105, -5, -342
345259622481930, 468831634275761, 175323155334013 @ -131, -393, 171
329764453755428, 299085937466850, 229022936429022 @ 87, 58, -154
225986233992263, 241882397817627, 443058273811726 @ -40, 45, -134
240791297857929, 334352122682434, 204851397752124 @ 166, -88, 86
288664864076969, 322613429890116, 254446705547775 @ -58, -54, 41
211033236689622, 240190071508984, 348233378683947 @ -61, 30, 21
311917301162577, 142011026059865, 350745693634215 @ -23, 429, -307
282178814750577, 170370813427009, 92409653816814 @ 14, 295, 362
19784250892193, 220826803989645, 284614541045831 @ 162, 58, 73
356560487832090, 443372021577996, 252267177320058 @ -203, -180, 110
239024896356495, 261981488975661, 313190466342153 @ 196, 115, -229
364049396621471, 287932761248662, 332690088703775 @ -184, 14, -135
311531323354113, 269331925445023, 271016521466331 @ -10, 94, -109
210456507362673, 286903295550799, 288412445358919 @ 142, 20, -63
75865324823395, 54774203861861, 76358655697653 @ 393, 481, 374
167894693805038, 236292281417720, 291482637461093 @ 47, 58, 39
316952980213617, 339324665275769, 435826831044807 @ -74, -92, -400
129234984863148, 453336652128568, 208066199483274 @ 21, -182, 160
296078309257401, 370175171276713, 134360175565671 @ 171, -263, 313
191701406701771, 81126275936615, 545439660460937 @ -13, 222, -230
206296445119677, 295975515870712, 242542527435525 @ -14, -20, 107
236238992429865, 343269273272021, 473767313086283 @ -8, -84, -260
374780941738849, 317089041282211, 176987845414414 @ -34, -19, 6
138183664252920, 248512129675759, 368774277509217 @ 23, 25, -9
342647829251769, 347366130023961, 317888252664431 @ -95, -129, -252
182816766952686, 320539709636844, 367856165581316 @ 31, -50, -62
152937593516885, 152453642573281, 349535515890043 @ 77, 173, -44
296205421933934, 213958228473111, 242543179627080 @ -141, 61, 122
269450337514609, 339682303879705, 309869932321095 @ -18, -85, -64
208769654759415, 333715206129395, 342625313140711 @ -17, -66, -15
263045846877974, 394340466331054, 361481730876706 @ -69, -148, -60
264288584493900, 471981962751328, 553187675998014 @ -97, -220, -234
171778988117730, 27658059983605, 303663760366767 @ 113, 419, -23
276277062080889, 306102839580385, 256363173222375 @ 75, -12, -55
267074480767737, 230809812173953, 313445917233819 @ 164, 237, -288
142638556446255, 224039067507379, 431609769620386 @ 88, 77, -150
266438548801353, 148078855609051, 127126894365405 @ 50, 346, 282
220754323854990, 60632114815946, 208106598754958 @ 133, 514, 102
354855222149767, 321358078776970, 192944628819856 @ -24, -58, 16
215398187959345, 461252456963481, 24557648328903 @ 80, -305, 452
245037820761229, 308664273745329, 259588024183739 @ -55, -35, 82
226367570672991, 125810104045363, 226275570159993 @ -81, 138, 144
279442494369751, 474722543141527, 356264090855229 @ -81, -268, -70
391012734813048, 338672476736458, 283319593075485 @ -225, -186, -693
365055132051995, 258554267325151, 221716649243878 @ -156, 137, 18
174325344343110, 212302796610806, 452541762728653 @ 25, 82, -149
110943619311309, 302755550872861, 269441012202573 @ 90, -29, 79
328520222022675, 346096758682283, 182630907819986 @ 88, -183, 88
105864495081141, 284034778364657, 257124597793909 @ 112, -5, 88
266291731548129, 116654215331693, 301325661802487 @ 22, 373, -87
324731196155025, 322342017864715, 313268276883423 @ -162, -52, 29
63214887108337, 182652403732713, 99617402140031 @ 254, 157, 298
285378887701453, 288563381739379, 231173488922747 @ -24, 14, 63
157597034625975, 368970884078185, 365916934183869 @ -12, -97, 7
230363335032373, 262270205657691, 293352875778281 @ 84, 66, -60
205956465640216, 261508799594941, 152059913859832 @ -49, 11, 216
385053160441333, 306717271148685, 161060331574067 @ -144, 105, 183
377745930290079, 305079263511846, 142656754893290 @ -56, 126, 402
262176626314581, 274305998753703, 383393021654449 @ 136, 82, -438
258659806718631, 171833530597501, 290441135686185 @ -69, 141, 40
368425586278005, 270435452490751, 85336793986683 @ -8, 414, 899
353816430366125, 355330666550706, 178114372132533 @ 66, -326, 59
195528445832999, 138992769632540, 273851679030779 @ 164, 322, -27
140837400953129, 32812717879821, 196571066063315 @ 66, 301, 163
315631707264025, 326046426556135, 230305723433009 @ 18, -70, -30
301573706415504, 281362098081682, 300114302587140 @ -101, 10, -8
368574390463345, 314346974000001, 243664949803203 @ -178, -35, -10
274651885332475, 348318182944311, 279817400133788 @ -84, -87, 48
284707586167628, 315400619247617, 174690426259310 @ -43, -41, 180
375395331505401, 360768362672977, 195194554028943 @ -111, -348, -56
344056568676450, 321439745935891, 163202131863345 @ 53, -59, 183
233822422761555, 266335363853221, 342056183533383 @ -33, 21, -31
273929943876315, 127442013667921, 375999679272783 @ -88, 199, -71
241993638571633, 380077925324965, 325003447355065 @ 14, -151, -72
181577970505845, 284150862667804, 331169205507522 @ -22, -12, 30
171985514505825, 239916101833003, 430038766425057 @ 38, 52, -134
257882498959377, 462450649461769, 258302016540471 @ -54, -247, 71
45440908801665, 80927780476681, 11540427331383 @ 313, 332, 444
311084989406049, 373305314280985, 204914289359991 @ -33, -185, 92
312525149020507, 420069544247227, 210911853428757 @ -51, -286, 86
140059320977587, 62110454487569, 219396831295033 @ 281, 483, 84
353115066207855, 322980410562611, 142797298231333 @ -29, -66, 294
235691811945365, 301576186191271, 133301016523408 @ 122, -7, 268
361421932241460, 272295241305946, 240683503871145 @ -57, 226, -265
364424062846619, 360814999586963, 384276209187653 @ -156, -171, -461
311539349135781, 307072421836939, 239030226358736 @ 106, 5, -132
190284752474085, 67748786182353, 223944612872033 @ 148, 435, 84
372038788497795, 270151747665049, 177140132659440 @ 88, 719, -74
373781023869305, 283550192523035, 238145593529901 @ -202, 25, 47
302766342431089, 328261507866625, 248741269158217 @ 14, -73, -45
206041501692555, 267735999350546, 548700342338488 @ -8, 16, -278
274745422773680, 270072903506151, 269031065973358 @ 11, 57, -26
101034633140321, 207573776983277, 170179280962459 @ 42, 60, 198
329355815397881, 299920976981073, 195875843633495 @ 45, 40, 43
140334681522615, 355174555711771, 354885558337533 @ 51, -90, -18
293995083119793, 151402731228649, 138156169666143 @ 46, 439, 269
252889907510351, 269361110493571, 306718538183903 @ -33, 26, -11
77131076797977, 24800072312449, 427251568780335 @ 115, 284, -94
207756284855439, 231930020425798, 335030089094928 @ 132, 128, -146
265300834930735, 321116469812375, 246475270032293 @ -52, -51, 79
223625442076938, 83190779155588, 327934580689857 @ 17, 312, -49
356989930190385, 268768912751641, 212782665587943 @ -68, 195, -49
298685649253125, 304134448379041, 281757852373473 @ -24, -13, -74
